0 -6 15
0 -5 30
0 -8 30
0 1 60
0 10 52
0 10 52
0 10 51
0 16 29
0 16 21
0 15.5 19.2
0 17.2 14.3
0 20.5 19
0 23.5 19
0 25 20
0 26 21
0 26 20
0 28.3 14.3
0 27 14.3
0 26.5 11.7
0 29 10
0 30 10.5
0 33.5 10.5
0 31 8
0 29 8
0 27.8 8.3
0 24.6 8.3
0 23 4
0 22.8 3.1
0 23.3 1.3
0 20.3 2.1
0 20.8 4
0 20.8 4
0 18.5 6.4
0 16.9 7.7
0 16.5 7.8
0 14.4 11.3
0 11.4 14.5
0 9.8 16.6
0 7 15
0 4.8 17
0 1.3 17.8
0 0 16.5
0 -6 15
1 -6 15
1 -7 0
1 -15 -4
1 -25 -20
1 -24 -35
1 -25 -35
1 -78 -19
1 -78 -18
1 -79 -18.5
1 -78 -17.5
1 -78 -17
1 -79 -18
1 -79 -19
1 -90 -22
1 -80 -17
1 -79 -17
1 -80 -16
1 -80 -15
1 -80 -14
1 -62 -10
1 -20 13
1 -6 15
2 -6 15
2 -2 10
2 -0.5 6.9
2 0.6 2.8
2 2 0
2 5.6 1.8
2 8.7 2.8
2 11.8 3
2 12.8 3.6
2 13 2.6
2 15 3
2 14.5 3
2 14.8 2.4
2 14.5 1
2 15 1.8
2 17.2 2.4
2 18 2
2 18.2 4.4
2 17.2 4.2
2 16.2 4
2 15 4
2 13.4 5.5
2 12.3 5.5
2 11.5 4.6
2 10.8 4.7
2 7.2 6
2 5.8 8.5
2 -6 15
3 -6 15
3 1.8 13.1
3 1.8 13.8
3 2 13.6
3 6.5 9.7
3 9.3 10.7
3 11 12
3 11.2 6.9
3 12.3 4.7
3 12 4
3 11.2 3.3
3 9 3.3
3 9 3.5
3 7.2 4
3 3.2 2.8
3 3.2 5.1
3 2.1 6.2
3 -6 15
4 -6 15
4 -4 8
4 -3 5
4 -1.7 3
4 -1 3.2
4 -3 2
4 -3 1.2
4 -4 -4
4 -3 -6
4 -11 -10
4 -30 -11
4 -30 -10
4 -18 10
4 -15 10
4 -6 15
5 -6 15
5 -14 16
5 -15 16
5 -21 14
5 -62 -9
5 -85 14
5 -85 15
5 -78 15
5 -62 32
5 -48 37
5 -40 49
5 -30 30
5 -6 15
6 -6 15
6 -120 -20
6 -142 -31
6 -152 0
6 -152 1
6 -150 8
6 -118 22
6 -107 30
6 -6 15
-1 -6 15
